  15553 35
  14121 36
  12436 37
  10871 38
   9018 39
   8625 40
   7559 41
   7220 42
   6788 43
   6962 44
   6904 45
   6852 46
   7248 47
   7319 48
   7704 49
   7710 50
   8117 51
   8393 52
   8822 53
   9179 54
   9407 55
  10223 56
  10431 57
  11232 58
  11838 59
  12607 60
  13446 61
  13885 62
  14361 63
  14770 64
  14795 65
  15402 66
  16169 67
  16422 68
  17088 69
  17854 70
  18521 71
  18843 72
  19363 73
  19543 74
  20540 75
  20653 76
  21914 77
  21716 78
  22117 79
  22127 80
  22886 81
  23181 82
  24294 83
  24877 84
  25848 85
  26349 86
  26804 87
  27497 88
  28351 89
  28758 90
  30313 91
  30282 92
  30397 93
  31479 94
  34176 95
  46018 96
  90710 97
 283514 98
  73338 99
 552970 100
9176056 101
