   1334 35
   1404 36
   1565 37
   1667 38
   1882 39
   1953 40
   2057 41
   2073 42
   2205 43
   2358 44
   2383 45
   2655 46
   2881 47
   3033 48
   3472 49
   3566 50
   4120 51
   4316 52
   4531 53
   4854 54
   5139 55
   5890 56
   6009 57
   6620 58
   7177 59
   7862 60
   8526 61
   8937 62
   9509 63
   9827 64
  10169 65
  10667 66
  11279 67
  11809 68
  12661 69
  13361 70
  13787 71
  14493 72
  15391 73
  16110 74
  16547 75
  17278 76
  17899 77
  18445 78
  18898 79
  19153 80
  20114 81
  20337 82
  21242 83
  21983 84
  22836 85
  23868 86
  23913 87
  24630 88
  25163 89
  25900 90
  27311 91
  27173 92
  27675 93
  28349 94
  30125 95
  40193 96
  72657 97
 221023 98
  33059 99
 288326 100
9847137 101
