    686 35
    643 36
    767 37
    765 38
    784 39
    845 40
    846 41
    868 42
    822 43
    899 44
    981 45
    973 46
   1023 47
   1060 48
   1128 49
   1167 50
   1254 51
   1305 52
   1375 53
   1468 54
   1649 55
   1642 56
   1790 57
   1963 58
   2179 59
   2297 60
   2457 61
   2670 62
   2869 63
   3213 64
   3242 65
   3575 66
   3910 67
   4166 68
   4431 69
   4878 70
   5169 71
   5672 72
   6191 73
   6645 74
   6745 75
   7378 76
   7767 77
   8130 78
   8344 79
   8597 80
   9042 81
   9524 82
   9755 83
  10346 84
  10975 85
  11343 86
  11825 87
  12069 88
  12410 89
  13056 90
  13723 91
  13651 92
  14039 93
  14510 94
  15662 95
  22762 96
  47164 97
 155539 98
  23298 99
 205815 100
7192607 101
