  15690 35
  15254 36
  13485 37
  11884 38
   9639 39
   8946 40
   7899 41
   7435 42
   6912 43
   6538 44
   6380 45
   6128 46
   6277 47
   6293 48
   6226 49
   6139 50
   6194 51
   6146 52
   6272 53
   6482 54
   6635 55
   7036 56
   7050 57
   7311 58
   7790 59
   7918 60
   8243 61
   8620 62
   8676 63
   8810 64
   8928 65
   9301 66
   9486 67
   9618 68
  10001 69
  10418 70
  10867 71
  11119 72
  11197 73
  11436 74
  11445 75
  11609 76
  12456 77
  12178 78
  12280 79
  12396 80
  12645 81
  13134 82
  13571 83
  13837 84
  14486 85
  15280 86
  15580 87
  16049 88
  16161 89
  17109 90
  17665 91
  17701 92
  18037 93
  18658 94
  20714 95
  30025 96
  62017 97
 212175 98
  69474 99
 458225 100
6474757 101
